45454
44445
53354
45445
44445
45354
55454
35334
35454
45455
45444
55555
55454
45344
54455
55555
35544
35344
54534
55555
55455
35344
55555
45554
55555
55555
32243
43244
35353
35344
45454
55455
55455
45354
35454
32433
35344
55455
45354
55455
44354
55555
32333
55455
45454
55555
55555
55355
35344
35353
35353
45354
33353
32343
44444
43344
33243
55555
44454
44454
45454
45555
45354
32344
55454
45354
35353
55454
43354
35353
55555
45344
45454
43343
45444
45444
45344
35344
45444
45344
55555
44444
35344
55555
45444
35444
55444
55555
55454
45344
43444
35343
45344
45444
55555
35554
54544
45444
55444
45544
43544
45444
55555
44444
45444
55555
35444
55555
45444
33433
45344
45444
34344
55555
55544
45444
44344
45444
45444
55555
45444
43444
53444
54444
44444
55555
44444
34434
34444
35443
44444
45554
45444
44444
55545
35333
45444
55555
55555
55454
55554
45344
55555
45444
33333
55555
45454
35544
55555
45334
35444
45444
55554
55555
45444
55555
54333
35444
45444
45444
44544
45444
55555
55555
55555
45444
44444
